public/wind_test.json
{"header": {"parameterCategory":2,"parameterNumber":2,"la1":-34.5,"lo1":149.5,"la2":-14.5,"lo2":169.5,"dx":0.25,"dy":0.25,"nx":81,"ny":81,"refTime":"2026-02-22T06:00:00Z","forecastTime":0}, "data":
[rows 19 to 37 of 81, columns 0 to 42 of 81]
-2.713979482650757,-2.3639795780181885,-0.903979480266571,0.4560205042362213,1.0960204601287842,1.0860204696655273,1.606020450592041,1.6260205507278442,-3.3539795875549316,-5.073979377746582,-3.9539794921875,-2.5439794063568115,-2.023979425430298,-3.8039793968200684,-4.2039794921875,-2.9539794921875,-4.783979415893555,-3.643979549407959,-2.773979425430298,-2.9239795207977295,-3.0539793968200684,-3.093979597091675,-3.403979539871216,-3.7039794921875,-3.7339794635772705,-3.763979434967041,-3.833979606628418,-3.713979482650757,-3.563979387283325,-3.4539794921875,-3.633979558944702,-4.133979320526123,-4.123979568481445,-4.053979396820068,-4.653979301452637,-5.463979721069336,-5.613979339599609,-4.863979339599609,-5.17397928237915,-5.523979663848877,-5.723979473114014,-5.833979606628418,-5.863979339599609
-2.563979387283325,-2.693979501724243,-1.3739794492721558,-0.15397949516773224,0.46602049469947815,0.9760205149650574,1.886020541191101,1.856020450592041,-3.843979597091675,-4.833979606628418,-3.7339794635772705,-2.443979501724243,-1.513979434967041,-3.153979539871216,-4.663979530334473,-3.7439794540405273,-5.063979625701904,-3.9739794731140137,-3.2939794063568115,-3.3639795780181885,-3.2239794731140137,-3.463979482650757,-3.8039793968200684,-3.823979377746582,-3.903979539871216,-4.083979606628418,-4.033979415893555,-3.9939794540405273,-4.153979301452637,-4.013979434967041,-3.8539795875549316,-4.363979339599609,-4.323979377746582,-4.023979663848877,-3.6239795684814453,-3.1239795684814453,-4.17397928237915,-4.713979721069336,-5.17397928237915,-5.543979644775391,-5.633979320526123,-5.823979377746582,-5.913979530334473
-1.9339795112609863,-2.963979482650757,-2.333979606628418,-1.393979549407959,-0.18397949635982513,0.9360204935073853,2.2960205078125,-1.6839795112609863,-5.133979320526123,-5.133979320526123,-4.293979644775391,-2.513979434967041,-1.9939794540405273,-3.003979444503784,-2.903979539871216,-3.6839795112609863,-5.473979473114014,-4.283979415893555,-3.9239795207977295,-3.523979425430298,-3.323979377746582,-3.6739795207977295,-3.9939794540405273,-4.073979377746582,-4.23397970199585,-4.263979434967041,-4.343979358673096,-4.313979625701904,-4.773979663848877,-4.593979358673096,-4.23397970199585,-4.573979377746582,-4.593979358673096,-4.313979625701904,-4.103979587554932,-3.9939794540405273,-4.213979721069336,-4.553979396820068,-5.163979530334473,-5.593979358673096,-5.613979339599609,-5.783979415893555,-5.903979301452637
-2.323979377746582,-3.2839794158935547,-2.9139795303344727,-1.7339794635772705,-1.3239794969558716,-0.47397950291633606,-0.6239795088768005,-3.7039794921875,-4.843979358673096,-5.053979396820068,-4.513979434967041,-2.773979425430298,-2.6239795684814453,-3.1839795112609863,-3.893979549407959,-4.693979263305664,-4.743979454040527,-4.183979511260986,-3.9739794731140137,-3.4939794540405273,-3.2939794063568115,-3.943979501724243,-4.48397970199585,-4.503979682922363,-4.463979721069336,-4.533979415893555,-4.853979587554932,-4.913979530334473,-5.133979320526123,-4.963979721069336,-4.843979358673096,-4.863979339599609,-4.833979606628418,-4.523979663848877,-4.503979682922363,-4.633979320526123,-4.463979721069336,-4.253979682922363,-4.943979263305664,-5.73397970199585,-5.823979377746582,-6.043979644775391,-6.023979663848877
-2.6239795684814453,-3.0539793968200684,-3.8739795684814453,-2.7439794540405273,-1.9239795207977295,-1.7339794635772705,-1.4939794540405273,-2.7239794731140137,-5.653979301452637,-5.243979454040527,-4.7039794921875,-3.2339794635772705,-2.9939794540405273,-3.4739794731140137,-4.193979263305664,-3.643979549407959,-2.8739795684814453,-3.4739794731140137,-3.503979444503784,-3.3639795780181885,-3.2939794063568115,-3.9139795303344727,-4.723979473114014,-4.903979301452637,-4.723979473114014,-4.883979320526123,-5.263979434967041,-5.383979320526123,-5.433979511260986,-5.48397970199585,-5.293979644775391,-5.133979320526123,-5.033979415893555,-4.913979530334473,-4.963979721069336,-4.9539794921875,-5.213979721069336,-5.023979663848877,-5.013979434967041,-5.523979663848877,-5.913979530334473,-6.553979396820068,-6.343979358673096
-3.2939794063568115,-2.8039793968200684,-3.9739794731140137,-4.393979549407959,-4.193979263305664,-3.833979606628418,-2.8039793968200684,-3.333979606628418,-5.083979606628418,-5.17397928237915,-3.8539795875549316,-2.4539794921875,-1.513979434967041,-0.9539794921875,-2.1239795684814453,-2.7839794158935547,-2.4139795303344727,-3.333979606628418,-3.463979482650757,-3.8539795875549316,-3.9839794635772705,-4.23397970199585,-4.803979396820068,-5.213979721069336,-5.333979606628418,-5.083979606628418,-5.243979454040527,-5.92397928237915,-6.043979644775391,-5.893979549407959,-5.623979568481445,-5.333979606628418,-5.23397970199585,-5.303979396820068,-5.373979568481445,-5.643979549407959,-6.103979587554932,-5.633979320526123,-5.543979644775391,-5.793979644775391,-6.193979263305664,-6.663979530334473,-6.723979473114014
-3.9739794731140137,-3.063979387283325,-3.4539794921875,-5.023979663848877,-6.563979625701904,-6.633979320526123,-4.293979644775391,-3.9539794921875,-4.363979339599609,-4.573979377746582,-4.283979415893555,-2.9739794731140137,-1.4239795207977295,-1.3239794969558716,-2.8539795875549316,-2.323979377746582,-2.2939794063568115,-3.4339795112609863,-3.9239795207977295,-4.2039794921875,-4.393979549407959,-4.683979511260986,-5.273979663848877,-5.743979454040527,-5.843979358673096,-5.73397970199585,-5.563979625701904,-6.183979511260986,-6.783979415893555,-6.373979568481445,-5.943979263305664,-5.793979644775391,-5.743979454040527,-5.653979301452637,-5.543979644775391,-5.493979454040527,-5.753979682922363,-5.503979682922363,-5.113979339599609,-5.323979377746582,-5.803979396820068,-6.293979644775391,-6.583979606628418
-4.353979587554932,-3.8639795780181885,-3.713979482650757,-4.623979568481445,-4.903979301452637,-6.103979587554932,-5.473979473114014,-6.413979530334473,-5.883979320526123,-6.223979473114014,-5.553979396820068,-3.023979425430298,-1.2139794826507568,-2.823979377746582,-4.2039794921875,-3.1739795207977295,-3.4539794921875,-4.163979530334473,-4.373979568481445,-4.563979625701904,-4.643979549407959,-4.783979415893555,-5.413979530334473,-6.263979434967041,-6.223979473114014,-6.183979511260986,-6.133979320526123,-6.653979301452637,-7.083979606628418,-6.813979625701904,-6.48397970199585,-6.503979682922363,-6.523979663848877,-6.243979454040527,-5.903979301452637,-5.67397928237915,-5.863979339599609,-5.67397928237915,-5.583979606628418,-5.7039794921875,-5.793979644775391,-5.853979587554932,-6.353979587554932
-4.373979568481445,-4.443979263305664,-4.083979606628418,-4.993979454040527,-5.263979434967041,-5.073979377746582,-6.053979396820068,-7.023979663848877,-7.663979530334473,-7.043979644775391,-5.963979721069336,-3.813979387283325,-2.6039795875549316,-3.3539795875549316,-4.823979377746582,-3.943979501724243,-4.293979644775391,-4.693979263305664,-4.933979511260986,-5.103979587554932,-5.17397928237915,-5.163979530334473,-5.463979721069336,-6.373979568481445,-6.603979587554932,-6.543979644775391,-6.473979473114014,-6.903979301452637,-7.293979644775391,-7.23397970199585,-7.003979682922363,-6.933979511260986,-6.943979263305664,-6.693979263305664,-6.383979320526123,-6.303979396820068,-6.293979644775391,-6.013979434967041,-6.023979663848877,-6.273979663848877,-6.42397928237915,-6.273979663848877,-6.443979263305664
-4.353979587554932,-4.503979682922363,-4.48397970199585,-4.693979263305664,-5.323979377746582,-5.183979511260986,-6.253979682922363,-7.223979473114014,-8.413979530334473,-7.433979511260986,-5.73397970199585,-4.313979625701904,-4.253979682922363,-3.523979425430298,-4.17397928237915,-4.383979320526123,-5.033979415893555,-5.123979568481445,-5.473979473114014,-5.73397970199585,-5.803979396820068,-5.98397970199585,-6.023979663848877,-6.2039794921875,-6.873979568481445,-7.063979625701904,-6.763979434967041,-6.913979530334473,-7.183979511260986,-7.323979377746582,-7.223979473114014,-7.183979511260986,-7.2039794921875,-7.013979434967041,-7.013979434967041,-6.943979263305664,-6.653979301452637,-6.353979587554932,-6.433979511260986,-6.763979434967041,-6.883979320526123,-6.92397928237915,-6.893979549407959
-4.283979415893555,-4.723979473114014,-4.643979549407959,-4.533979415893555,-4.503979682922363,-5.073979377746582,-7.73397970199585,-7.123979568481445,-7.67397928237915,-6.763979434967041,-5.353979587554932,-4.853979587554932,-5.013979434967041,-3.8639795780181885,-4.133979320526123,-5.493979454040527,-5.433979511260986,-5.473979473114014,-5.913979530334473,-6.143979549407959,-5.973979473114014,-6.813979625701904,-7.003979682922363,-6.563979625701904,-6.853979587554932,-7.17397928237915,-7.303979396820068,-7.48397970199585,-7.67397928237915,-7.493979454040527,-7.323979377746582,-7.373979568481445,-7.443979263305664,-7.523979663848877,-7.583979606628418,-7.353979587554932,-7.043979644775391,-6.773979663848877,-6.73397970199585,-6.943979263305664,-6.883979320526123,-6.993979454040527,-7.323979377746582
-3.313979387283325,-4.73397970199585,-5.303979396820068,-4.273979663848877,-4.2039794921875,-5.213979721069336,-6.2039794921875,-6.913979530334473,-6.593979358673096,-5.903979301452637,-5.763979434967041,-5.073979377746582,-4.493979454040527,-4.183979511260986,-3.6839795112609863,-5.333979606628418,-5.67397928237915,-5.883979320526123,-6.23397970199585,-6.283979415893555,-6.183979511260986,-7.213979721069336,-7.67397928237915,-6.98397970199585,-7.113979339599609,-7.163979530334473,-7.193979263305664,-7.213979721069336,-7.563979625701904,-7.753979682922363,-7.563979625701904,-7.503979682922363,-7.353979587554932,-7.743979454040527,-7.813979625701904,-7.223979473114014,-6.92397928237915,-7.223979473114014,-7.473979473114014,-7.393979549407959,-7.363979339599609,-7.403979301452637,-7.523979663848877
-2.6239795684814453,-3.1239795684814453,-4.943979263305664,-5.713979721069336,-5.063979625701904,-4.843979358673096,-5.763979434967041,-6.333979606628418,-4.633979320526123,-5.113979339599609,-5.073979377746582,-4.42397928237915,-3.8039793968200684,-3.443979501724243,-3.133979558944702,-5.263979434967041,-5.683979511260986,-5.643979549407959,-5.843979358673096,-6.063979625701904,-6.163979530334473,-6.503979682922363,-7.313979625701904,-7.533979415893555,-7.243979454040527,-7.193979263305664,-7.313979625701904,-7.263979434967041,-7.193979263305664,-7.303979396820068,-7.683979511260986,-7.913979530334473,-7.723979473114014,-7.563979625701904,-7.503979682922363,-7.123979568481445,-6.98397970199585,-7.623979568481445,-7.98397970199585,-7.783979415893555,-7.773979663848877,-7.793979644775391,-7.713979721069336
-3.6739795207977295,-2.9139795303344727,-2.7339794635772705,-4.333979606628418,-4.873979568481445,-4.443979263305664,-4.833979606628418,-5.143979549407959,-5.993979454040527,-5.023979663848877,-4.7039794921875,-3.7239794731140137,-3.8039793968200684,-3.823979377746582,-3.273979425430298,-5.903979301452637,-6.163979530334473,-6.123979568481445,-6.413979530334473,-6.713979721069336,-7.003979682922363,-7.013979434967041,-7.003979682922363,-7.393979549407959,-7.563979625701904,-7.553979396820068,-7.613979339599609,-7.473979473114014,-7.493979454040527,-7.553979396820068,-7.623979568481445,-7.863979339599609,-7.92397928237915,-7.933979511260986,-7.803979396820068,-7.393979549407959,-7.48397970199585,-8.003979682922363,-7.993979454040527,-7.943979263305664,-8.123979568481445,-8.2039794921875,-8.103979110717773
-4.463979721069336,-3.813979387283325,-3.463979482650757,-3.403979539871216,-3.693979501724243,-4.463979721069336,-4.943979263305664,-5.303979396820068,-5.753979682922363,-5.513979434967041,-5.17397928237915,-4.513979434967041,-4.163979530334473,-4.17397928237915,-4.113979339599609,-6.153979301452637,-6.753979682922363,-6.883979320526123,-6.813979625701904,-6.98397970199585,-7.17397928237915,-7.17397928237915,-7.273979663848877,-7.213979721069336,-7.493979454040527,-8.0139799118042,-8.233979225158691,-8.1439790725708,-7.993979454040527,-8.083979606628418,-8.133979797363281,-8.283979415893555,-8.29397964477539,-8.583979606628418,-8.443979263305664,-8.2039794921875,-8.333979606628418,-8.523979187011719,-8.183979034423828,-8.2039794921875,-8.2639799118042,-8.173979759216309,-8.053979873657227
-4.533979415893555,-5.333979606628418,-4.9539794921875,-4.123979568481445,-3.6639795303344727,-3.773979425430298,-4.783979415893555,-5.433979511260986,-5.353979587554932,-5.583979606628418,-5.213979721069336,-4.92397928237915,-4.213979721069336,-3.7239794731140137,-3.523979425430298,-6.043979644775391,-6.783979415893555,-6.863979339599609,-7.053979396820068,-7.083979606628418,-7.323979377746582,-7.443979263305664,-7.583979606628418,-7.723979473114014,-7.653979301452637,-7.773979663848877,-7.963979721069336,-7.92397928237915,-7.913979530334473,-8.023979187011719,-7.853979587554932,-7.753979682922363,-7.933979511260986,-8.033979415893555,-8.213979721069336,-7.903979301452637,-8.163979530334473,-8.903979301452637,-8.7039794921875,-8.5139799118042,-8.503979682922363,-8.29397964477539,-8.323979377746582
-3.6139795780181885,-4.4539794921875,-5.163979530334473,-5.653979301452637,-5.023979663848877,-4.593979358673096,-3.4139795303344727,-4.963979721069336,-5.583979606628418,-5.433979511260986,-4.943979263305664,-4.513979434967041,-4.003979682922363,-3.6839795112609863,-3.9939794540405273,-6.383979320526123,-6.67397928237915,-6.873979568481445,-7.243979454040527,-7.353979587554932,-7.393979549407959,-7.17397928237915,-7.523979663848877,-8.343979835510254,-8.533979415893555,-8.533979415893555,-8.7039794921875,-8.61397933959961,-8.663979530334473,-8.743979454040527,-8.563979148864746,-8.463979721069336,-8.54397964477539,-8.7639799118042,-8.683979034423828,-8.54397964477539,-8.723979949951172,-8.823979377746582,-8.7639799118042,-9.003979682922363,-8.833979606628418,-8.533979415893555,-8.493979454040527
-2.943979501724243,-3.3639795780181885,-3.9939794540405273,-4.563979625701904,-4.573979377746582,-5.053979396820068,-4.473979473114014,-4.513979434967041,-5.143979549407959,-5.193979263305664,-4.73397970199585,-3.943979501724243,-4.133979320526123,-4.533979415893555,-5.113979339599609,-6.273979663848877,-7.313979625701904,-7.683979511260986,-7.523979663848877,-7.353979587554932,-7.583979606628418,-7.443979263305664,-7.67397928237915,-8.133979797363281,-8.36397933959961,-8.663979530334473,-8.663979530334473,-8.7039794921875,-8.943979263305664,-8.903979301452637,-8.823979377746582,-8.753979682922363,-8.993979454040527,-8.993979454040527,-8.853979110717773,-8.79397964477539,-8.79397964477539,-8.743979454040527,-8.9539794921875,-9.193979263305664,-8.973979949951172,-8.803979873657227,-8.753979682922363
-2.0539793968200684,-1.9139795303344727,-2.8039793968200684,-5.563979625701904,-4.273979663848877,-3.903979539871216,-5.763979434967041,-4.583979606628418,-4.773979663848877,-4.823979377746582,-4.533979415893555,-4.853979587554932,-4.9539794921875,-6.783979415893555,-7.083979606628418,-5.993979454040527,-7.533979415893555,-7.963979721069336,-8.083979606628418,-7.943979263305664,-7.73397970199585,-7.723979473114014,-7.9539794921875,-8.213979721069336,-8.313979148864746,-8.633979797363281,-8.733979225158691,-8.753979682922363,-8.86397933959961,-9.003979682922363,-9.04397964477539,-8.913979530334473,-8.813979148864746,-8.773979187011719,-8.7039794921875,-8.803979873657227,-8.86397933959961,-8.9539794921875,-9.173979759216309,-9.223979949951172,-9.063979148864746,-8.903979301452637,-9.033979415893555
