public/wind_test.json
{"header": {"parameterCategory":2,"parameterNumber":3,"la1":-34.5,"lo1":149.5,"la2":-14.5,"lo2":169.5,"dx":0.25,"dy":0.25,"nx":81,"ny":81,"refTime":"2026-02-22T06:00:00Z","forecastTime":0}, "data":
[rows 20 to 39 of 81, columns 0 to 42 of 81]
-5.346398830413818,-5.036398887634277,-4.926398754119873,-4.736398696899414,-3.74639892578125,-3.506398916244507,-3.116398811340332,-3.99639892578125,-3.0963988304138184,-2.4063990116119385,-1.7263989448547363,-1.6663988828659058,-1.6063989400863647,-1.9563989639282227,-1.9263988733291626,-2.9663989543914795,-7.666399002075195,-6.586399078369141,-6.186398983001709,-5.566399097442627,-4.936398983001709,-4.436398983001709,-4.116398811340332,-3.806398868560791,-3.616398811340332,-3.306398868560791,-2.7663989067077637,-2.136399030685425,-1.656398892402649,-1.5463988780975342,-1.1063989400863647,-0.7163989543914795,-0.35639894008636475,-0.016398925334215164,0.21360106766223907,-0.8363988995552063,-2.0363988876342773,-2.0163989067077637,-1.9563989639282227,-1.7963988780975342,-1.4163988828659058,-0.9263989329338074,-0.48639893531799316
-4.456398963928223,-4.786398887634277,-5.336399078369141,-4.896399021148682,-4.7163987159729,-3.626399040222168,-3.5863988399505615,-4.686398983001709,-3.0863988399505615,-2.0263988971710205,-1.5463988780975342,-1.2263989448547363,-1.7763988971710205,-2.5163989067077637,-2.236398935317993,-2.046398878097534,-6.696398735046387,-6.136398792266846,-5.676398754119873,-5.166399002075195,-4.696398735046387,-4.296399116516113,-3.99639892578125,-3.696398973464966,-3.3263988494873047,-2.8463988304138184,-2.3463988304138184,-1.9663989543914795,-1.74639892578125,-1.3663989305496216,-1.056398868560791,-0.7763988971710205,-0.47639891505241394,-0.3763989210128784,-0.41639891266822815,-0.7763988971710205,-1.436398983001709,-1.906398892402649,-1.6163989305496216,-1.5063989162445068,-1.24639892578125,-0.74639892578125,-0.2763989269733429
-5.336399078369141,-5.086399078369141,-5.136398792266846,-4.846398830413818,-4.866398811340332,-4.486398696899414,-5.136398792266846,-4.786398887634277,-2.6463990211486816,-1.5463988780975342,-0.9163989424705505,-0.6863989233970642,-1.3163989782333374,-1.2763988971710205,-2.0963988304138184,-1.9763989448547363,-4.546399116516113,-6.076398849487305,-5.2163987159729,-4.726398944854736,-4.316399097442627,-3.9763989448547363,-3.7763988971710205,-3.506398916244507,-3.066398859024048,-2.6663990020751953,-2.436398983001709,-2.1463990211486816,-1.7563989162445068,-1.24639892578125,-1.1363989114761353,-0.9063989520072937,-0.6663989424705505,-0.5363989472389221,-0.6263989210128784,-0.7363989353179932,-0.99639892578125,-1.4263988733291626,-1.3263989686965942,-1.2763988971710205,-1.0263988971710205,-0.5563989281654358,-0.3163989186286926
-5.4663987159729,-5.176398754119873,-4.946398735046387,-6.2163987159729,-5.806398868560791,-5.396399021148682,-5.096398830413818,-4.666399002075195,-3.3463988304138184,-1.7863988876342773,-1.2263989448547363,-0.19639892876148224,-0.6363989114761353,-1.156398892402649,-1.74639892578125,-2.7863988876342773,-2.626399040222168,-5.786398887634277,-4.876399040222168,-4.146399021148682,-3.736398935317993,-3.556398868560791,-3.376399040222168,-3.136399030685425,-3.056398868560791,-2.876399040222168,-2.366398811340332,-1.8263989686965942,-1.6263989210128784,-1.3763989210128784,-1.2563989162445068,-0.9563989043235779,-0.5563989281654358,-0.3763989210128784,-0.35639894008636475,-0.28639891743659973,-1.056398868560791,-1.1663988828659058,-0.6863989233970642,-1.186398983001709,-0.546398937702179,-0.5963989496231079,-0.1863989233970642
-5.286398887634277,-5.126399040222168,-4.006399154663086,-4.376399040222168,-6.346398830413818,-7.076398849487305,-5.686398983001709,-6.696398735046387,-5.686398983001709,-3.636399030685425,-2.566398859024048,-2.4663989543914795,-2.5863988399505615,-2.7663989067077637,-1.4663989543914795,-1.9463989734649658,-2.3963990211486816,-5.226398944854736,-4.336399078369141,-3.616398811340332,-3.24639892578125,-3.0363988876342773,-2.856398820877075,-2.626399040222168,-2.5163989067077637,-2.566398859024048,-2.1563990116119385,-1.4763989448547363,-1.4763989448547363,-1.3763989210128784,-1.2263989448547363,-0.8763989210128784,-0.3763989210128784,-0.10639892518520355,0.13360106945037842,0.11360107362270355,-0.74639892578125,-0.6463989019393921,-0.24639892578125,-0.6163989305496216,-0.10639892518520355,-0.7063989043235779,0.1936010718345642
-4.846398830413818,-4.896399021148682,-4.806398868560791,-3.9763989448547363,-4.2763991355896,-5.096398830413818,-4.4663987159729,-4.786398887634277,-4.396399021148682,-3.4563989639282227,-2.636399030685425,-1.9763989448547363,-2.066398859024048,-2.626399040222168,-3.116398811340332,-1.6163989305496216,-2.3463988304138184,-3.8963990211486816,-3.7063989639282227,-3.546398878097534,-3.2163989543914795,-2.806398868560791,-2.436398983001709,-2.3263988494873047,-2.2163989543914795,-2.046398878097534,-1.7163989543914795,-1.3863989114761353,-1.186398983001709,-1.086398959159851,-0.9763989448547363,-0.7363989353179932,-0.3763989210128784,0.00360107421875,0.4436010718345642,0.3736010789871216,-0.546398937702179,-0.41639891266822815,-0.016398925334215164,-0.03639892488718033,-0.3463989198207855,-0.28639891743659973,0.50360107421875
-4.706398963928223,-4.596398830413818,-4.7163987159729,-4.866398811340332,-3.49639892578125,-3.306398868560791,-2.8463988304138184,-4.0263991355896,-3.876399040222168,-3.606398820877075,-3.0763988494873047,-1.3763989210128784,-1.9263988733291626,-2.7663989067077637,-2.506398916244507,-1.9563989639282227,-2.7863988876342773,-3.1463990211486816,-3.2263989448547363,-3.196398973464966,-2.816398859024048,-2.426398992538452,-2.2163989543914795,-2.2063989639282227,-1.656398892402649,-1.4563989639282227,-1.1063989400863647,-1.0763989686965942,-0.8963989019393921,-0.7163989543914795,-0.6163989305496216,-0.38639891147613525,0.023601073771715164,0.4136010706424713,0.5136010646820068,0.04360107332468033,-0.4263989329338074,-0.11639892309904099,0.3236010670661926,0.5336010456085205,0.4736010730266571,0.3836010694503784,0.8236010670661926
-4.806398868560791,-4.396399021148682,-4.076398849487305,-4.086399078369141,-3.5363988876342773,-2.8263988494873047,-2.9563989639282227,-3.6463990211486816,-3.9163990020751953,-3.316398859024048,-1.74639892578125,-0.6463989019393921,-1.0363988876342773,-1.7563989162445068,-1.5363988876342773,-1.306398868560791,-2.5163989067077637,-2.6563990116119385,-2.626399040222168,-2.4563989639282227,-1.9863989353179932,-1.596398949623108,-1.6763988733291626,-1.656398892402649,-1.2663989067077637,-1.2763988971710205,-1.086398959159851,-1.0363988876342773,-0.8663989305496216,-0.47639891505241394,-0.1863989233970642,0.14360107481479645,0.5136010646820068,0.6536010503768921,0.50360107421875,0.20360107719898224,0.14360107481479645,0.4036010801792145,0.75360107421875,1.1136010885238647,1.0436010360717773,0.7836010456085205,1.1136010885238647
-4.606399059295654,-4.49639892578125,-4.176398754119873,-3.616398811340332,-2.756398916244507,-1.936398983001709,-1.8563989400863647,-1.6763988733291626,-0.7563989162445068,-0.5263988971710205,0.8436010479927063,1.3636010885238647,-0.8363988995552063,-2.1563990116119385,-2.546398878097534,-1.8663989305496216,-2.046398878097534,-2.006398916244507,-2.0963988304138184,-2.1463990211486816,-1.6163989305496216,-1.24639892578125,-1.6363989114761353,-1.436398983001709,-1.1963989734649658,-1.2563989162445068,-1.056398868560791,-0.9563989043235779,-0.696398913860321,-0.25639891624450684,0.3436010777950287,0.803601086139679,1.103601098060608,1.2636010646820068,1.0836011171340942,0.7836010456085205,0.7236011028289795,1.0536010265350342,1.50360107421875,1.6436010599136353,1.2336010932922363,0.8736010789871216,1.3336011171340942
-3.806398868560791,-3.866398811340332,-4.076398849487305,-3.946398973464966,-2.736398935317993,-0.8863989114761353,-0.7863989472389221,-0.9263989329338074,-0.45639893412590027,0.04360107332468033,-0.09639892727136612,-0.19639892876148224,-0.4263989329338074,-0.6663989424705505,-1.2763988971710205,-1.99639892578125,-1.6163989305496216,-1.406398892402649,-1.4863989353179932,-1.5463988780975342,-1.0063989162445068,-0.8863989114761353,-1.3663989305496216,-1.2963988780975342,-1.2663989067077637,-1.0363988876342773,-0.8063989281654358,-0.3963989317417145,-0.1863989233970642,0.11360107362270355,0.6636011004447937,1.2436010837554932,1.603601098060608,1.5136010646820068,1.2136011123657227,0.8636010885238647,0.9036010503768921,1.063601016998291,1.193601131439209,1.353601098060608,1.1436010599136353,1.0436010360717773,1.3336011171340942
-3.3963990211486816,-2.7063989639282227,-3.106398820877075,-3.3963990211486816,-3.8363988399505615,-3.5863988399505615,-2.5263988971710205,-2.066398859024048,-1.7363989353179932,-0.9363989233970642,-0.3363989293575287,-0.32639893889427185,-0.47639891505241394,-0.6163989305496216,-0.9863989353179932,-1.6663988828659058,-1.306398868560791,-1.0363988876342773,-0.6763989329338074,-0.3063989281654358,-0.8663989305496216,-1.686398983001709,-0.8463989496231079,-0.9663989543914795,-1.2263989448547363,-1.056398868560791,-0.9763989448547363,-0.6463989019393921,-0.24639892578125,0.21360106766223907,0.5336010456085205,0.8336010575294495,1.3836010694503784,1.103601098060608,0.3436010777950287,0.7936010956764221,1.2736010551452637,1.2436010837554932,1.1736010313034058,1.2936010360717773,1.2936010360717773,1.2936010360717773,1.3636010885238647
-4.676398754119873,-3.9763989448547363,-2.74639892578125,-2.5863988399505615,-3.3463988304138184,-3.866398811340332,-3.7263989448547363,-3.056398868560791,-2.0963988304138184,-1.8163989782333374,-1.156398892402649,-0.8863989114761353,-0.6763989329338074,-0.4663989245891571,-0.6563989520072937,-1.686398983001709,-1.686398983001709,-1.7063989639282227,-1.6663988828659058,-1.9263988733291626,-2.2863988876342773,-2.2763988971710205,-1.4163988828659058,-0.9863989353179932,-0.946398913860321,-0.7163989543914795,-0.7263989448547363,-0.696398913860321,-0.3763989210128784,0.07360107451677322,0.48360106348991394,0.7336010932922363,0.553601086139679,0.3436010777950287,0.553601086139679,0.9136011004447937,0.8736010789871216,0.7836010456085205,1.1236010789871216,1.5236010551452637,1.4736011028289795,1.5336010456085205,1.6736010313034058
-5.086399078369141,-5.376399040222168,-4.136398792266846,-3.116398811340332,-2.376399040222168,-2.9063990116119385,-3.74639892578125,-2.8363988399505615,-1.8863989114761353,-1.4663989543914795,-1.2163989543914795,-0.9263989329338074,-0.8263989090919495,-0.1863989233970642,-0.5663989186286926,-1.5163989067077637,-1.6363989114761353,-1.9463989734649658,-1.7963988780975342,-1.5263988971710205,-1.3563989400863647,-1.2763988971710205,-1.096398949623108,-0.6563989520072937,-0.24639892578125,-0.16639892756938934,-0.17639893293380737,-0.1563989222049713,-0.006398925557732582,0.1636010706424713,0.33360108733177185,0.4036010801792145,0.6436010599136353,0.8736010789871216,0.9236010909080505,0.8236010670661926,0.6536010503768921,0.7936010956764221,1.1436010599136353,1.5536010265350342,1.7636010646820068,1.8636010885238647,1.9236010313034058
-3.9663989543914795,-4.486398696899414,-5.126399040222168,-4.406398773193359,-3.1663990020751953,-2.066398859024048,-1.9563989639282227,-2.6463990211486816,-2.1663990020751953,-1.0063989162445068,-0.5263988971710205,0.20360107719898224,0.5136010646820068,0.4036010801792145,0.1636010706424713,0.09360107779502869,-0.11639892309904099,-0.5763989090919495,-1.096398949623108,-1.1963989734649658,-1.056398868560791,-0.9763989448547363,-0.5963989496231079,-0.2163989245891571,-0.08639892935752869,-0.14639893174171448,-0.05639892444014549,-0.026398925110697746,0.20360107719898224,0.4436010718345642,0.703601062297821,0.9936010837554932,1.1236010789871216,0.9636010527610779,0.6836010813713074,0.8636010885238647,1.00360107421875,0.5836010575294495,0.8736010789871216,1.313601016998291,1.1336010694503784,0.9836010932922363,1.1736010313034058
-2.5963988304138184,-2.936398983001709,-3.9563989639282227,-4.196398735046387,-4.126399040222168,-3.176398992538452,-2.056398868560791,-1.0763989686965942,-1.2163989543914795,-0.7363989353179932,-0.17639893293380737,0.36360108852386475,0.48360106348991394,0.36360108852386475,0.5636010766029358,1.0336010456085205,0.703601062297821,0.45360106229782104,-0.10639892518520355,-0.6863989233970642,-1.0763989686965942,-1.0063989162445068,-0.696398913860321,-0.41639891266822815,-0.5763989090919495,-0.74639892578125,-0.8863989114761353,-0.9163989424705505,-0.4263989329338074,-0.2163989245891571,-0.016398925334215164,0.30360108613967896,0.33360108733177185,-0.6263989210128784,-0.6463989019393921,-0.2163989245891571,-0.23639892041683197,-0.3063989281654358,0.25360107421875,0.5336010456085205,0.5836010575294495,0.9036010503768921,1.153601050376892
-2.7163989543914795,-2.176398992538452,-1.7863988876342773,-2.5163989067077637,-3.4163990020751953,-3.736398935317993,-2.946398973464966,-1.99639892578125,-1.096398949623108,-0.7563989162445068,-0.41639891266822815,-0.3363989293575287,0.1636010706424713,0.7436010837554932,1.6236010789871216,2.5436010360717773,2.063601016998291,1.443601131439209,0.9136011004447937,0.5736010670661926,0.05360107496380806,-0.45639893412590027,-0.8263989090919495,-0.8663989305496216,-0.8363988995552063,-0.7763988971710205,-0.49639892578125,-0.14639893174171448,-0.23639892041683197,-0.41639891266822815,-0.3663989305496216,-0.3663989305496216,-0.3763989210128784,-0.10639892518520355,0.013601073995232582,0.10360107570886612,0.3436010777950287,0.7336010932922363,0.8336010575294495,0.7836010456085205,0.9836010932922363,1.2236011028289795,1.2836010456085205
-3.0863988399505615,-3.2263989448547363,-2.5363988876342773,-1.8663989305496216,-1.99639892578125,-2.24639892578125,-2.2663989067077637,-2.8263988494873047,-2.2663989067077637,-1.74639892578125,-0.7263989448547363,-0.1563989222049713,0.06360107660293579,0.8436010479927063,1.943601131439209,2.393601179122925,2.2736010551452637,1.6136010885238647,1.313601016998291,1.1136010885238647,0.9136011004447937,0.6336010694503784,0.06360107660293579,-0.3363989293575287,-0.4063989222049713,-0.41639891266822815,-0.3663989305496216,-0.28639891743659973,-0.35639894008636475,-0.29639893770217896,-0.17639893293380737,-0.08639892935752869,0.13360106945037842,0.36360108852386475,0.3836010694503784,0.5136010646820068,0.6936010718345642,0.6136010885238647,0.30360108613967896,0.4036010801792145,0.9236010909080505,1.163601040840149,1.3036010265350342
-2.5363988876342773,-2.9163990020751953,-1.9263988733291626,-1.6363989114761353,-1.3263989686965942,-0.8363988995552063,-1.186398983001709,-1.306398868560791,-1.5663989782333374,-1.8763989210128784,-1.8163989782333374,-0.9363989233970642,0.25360107421875,2.5836009979248047,2.323601007461548,1.4236010313034058,1.8836010694503784,2.1736011505126953,1.8036010265350342,1.163601040840149,0.7736010551452637,0.6636011004447937,0.4736010730266571,0.42360106110572815,0.1936010718345642,0.10360107570886612,-0.026398925110697746,-0.28639891743659973,-0.16639892756938934,-0.10639892518520355,-0.1563989222049713,-0.1863989233970642,-0.17639893293380737,0.11360107362270355,0.3736010789871216,0.4136010706424713,0.4036010801792145,0.5236010551452637,0.9136011004447937,1.3336011171340942,1.5736011266708374,1.6136010885238647,1.7036011219024658
-1.8163989782333374,-2.0763988494873047,-2.106398820877075,-0.8763989210128784,0.12360107153654099,0.5136010646820068,0.14360107481479645,-0.26639893651008606,-0.38639891147613525,-0.14639893174171448,-0.04639892652630806,0.3236010670661926,1.103601098060608,2.5836009979248047,2.613600969314575,1.7936010360717773,2.1036009788513184,1.813601016998291,1.653601050376892,1.6336010694503784,1.5236010551452637,1.1736010313034058,0.9336010813713074,0.75360107421875,0.6036010980606079,0.4736010730266571,0.4036010801792145,0.29360106587409973,0.17360107600688934,0.17360107600688934,0.2236010730266571,0.4036010801792145,0.5136010646820068,0.4736010730266571,0.45360106229782104,0.5836010575294495,0.9036010503768921,1.2236011028289795,1.4536011219024658,1.5836011171340942,1.6736010313034058,1.7636010646820068,1.8336011171340942
0.2236010730266571,-0.696398913860321,-1.306398868560791,-0.796398937702179,0.2236010730266571,0.9036010503768921,0.17360107600688934,-0.6063989400863647,-1.6963989734649658,-1.6763988733291626,-0.8863989114761353,0.08360107243061066,0.8736010789871216,0.803601086139679,1.653601050376892,2.6536011695861816,2.073601007461548,1.6736010313034058,1.7136011123657227,1.8836010694503784,1.8636010885238647,1.6336010694503784,1.3636010885238647,0.9136011004447937,0.8836010694503784,1.0536010265350342,1.1136010885238647,1.0136010646820068,0.8736010789871216,0.803601086139679,0.8536010980606079,0.8536010980606079,0.8836010694503784,0.9836010932922363,1.0836011171340942,1.2236011028289795,1.2736010551452637,1.2636010646820068,1.3736010789871216,1.5836011171340942,1.813601016998291,2.013601064682007,2.183601140975952
