public/wind_test.json
{"header": {"parameterCategory":2,"parameterNumber":3,"la1":-34.5,"lo1":149.5,"la2":-14.5,"lo2":169.5,"dx":0.25,"dy":0.25,"nx":81,"ny":81,"refTime":"2026-02-22T06:00:00Z","forecastTime":0}, "data":
[rows 40 to 59 of 81, columns 0 to 42 of 81]
-1.2163989543914795,-1.8263989686965942,-3.056398868560791,-3.3363988399505615,-2.5963988304138184,-2.506398916244507,-2.2863988876342773,-1.5463988780975342,-0.8163989186286926,-0.6063989400863647,0.49360108375549316,1.7936010360717773,1.913601040840149,2.203601121902466,2.633601188659668,2.4236011505126953,2.183601140975952,2.1736011505126953,2.063601016998291,2.143601179122925,2.133601188659668,1.9936010837554932,1.7336010932922363,1.693601131439209,1.6236010789871216,1.3636010885238647,1.2936010360717773,1.3936010599136353,1.443601131439209,1.3736010789871216,1.443601131439209,1.4236010313034058,1.2436010837554932,1.1836010217666626,1.2336010932922363,1.3736010789871216,1.5436010360717773,1.693601131439209,1.8036010265350342,1.8736010789871216,2.0236010551452637,2.203601121902466,2.313601016998291
-0.7163989543914795,-1.4863989353179932,-4.046399116516113,-4.7163987159729,-4.346398830413818,-2.616398811340332,-1.7263989448547363,-0.9563989043235779,0.50360107421875,1.0336010456085205,2.7136011123657227,2.7236011028289795,2.6036009788513184,2.50360107421875,2.1736011505126953,1.843601107597351,2.053601026535034,2.2236011028289795,2.4636011123657227,2.5936009883880615,2.613600969314575,2.563601016998291,2.4636011123657227,2.373600959777832,2.063601016998291,1.813601016998291,1.693601131439209,1.653601050376892,1.7436010837554932,1.853601098060608,1.7736010551452637,1.4936010837554932,1.313601016998291,1.2836010456085205,1.4536011219024658,1.6336010694503784,1.6736010313034058,1.7636010646820068,1.913601040840149,2.193601131439209,2.4236011505126953,2.5336010456085205,2.573601007461548
-1.086398959159851,-1.5063989162445068,-3.436398983001709,-3.066398859024048,-0.7763988971710205,0.18360108137130737,-1.056398868560791,-1.0063989162445068,1.0736011266708374,3.5836009979248047,3.8336009979248047,3.513601064682007,3.053601026535034,2.7836010456085205,2.323601007461548,2.1536011695861816,2.133601188659668,2.4236011505126953,2.6536011695861816,2.613600969314575,2.6636011600494385,2.8536009788513184,2.8336009979248047,2.7136011123657227,2.633601188659668,2.433601140975952,2.25360107421875,2.063601016998291,1.843601107597351,1.8636010885238647,1.853601098060608,1.6836010217666626,1.7236011028289795,1.9536011219024658,2.053601026535034,1.8936010599136353,1.7736010551452637,1.943601131439209,2.2236011028289795,2.643601179122925,2.8536009788513184,3.013601064682007,3.25360107421875
-2.676398992538452,-2.046398878097534,-1.0063989162445068,-0.8563989400863647,-1.2663989067077637,-0.47639891505241394,0.05360107496380806,1.6336010694503784,3.5236010551452637,4.2236008644104,4.25360107421875,4.013601303100586,3.553601026535034,3.2336010932922363,2.643601179122925,2.7736010551452637,2.6536011695861816,2.393601179122925,2.313601016998291,2.383601188659668,2.643601179122925,2.563601016998291,2.4136011600494385,2.393601179122925,2.2136011123657227,2.0236010551452637,1.9836010932922363,1.9336010217666626,1.853601098060608,1.7636010646820068,1.7736010551452637,1.9236010313034058,1.9736011028289795,2.263601064682007,2.4036011695861816,2.373600959777832,2.6636011600494385,2.893601179122925,2.9136011600494385,3.0436010360717773,3.0936009883880615,3.3536009788513184,3.7136011123657227
-4.356399059295654,-4.456398963928223,-1.806398868560791,-1.5063989162445068,-1.3163989782333374,-0.7163989543914795,1.3836010694503784,3.2936010360717773,4.013601303100586,4.483601093292236,4.543601036071777,4.233601093292236,3.8436009883880615,3.363600969314575,3.0336010456085205,2.75360107421875,2.393601179122925,1.853601098060608,1.7936010360717773,2.0436010360717773,2.143601179122925,2.2736010551452637,2.5236010551452637,2.4136011600494385,2.263601064682007,2.373600959777832,2.1536011695861816,1.7836010456085205,1.7936010360717773,1.9936010837554932,1.9836010932922363,1.903601050376892,2.2336010932922363,2.633601188659668,2.5236010551452637,2.8336009979248047,3.373600959777832,3.0836009979248047,3.2236011028289795,3.323601007461548,3.383601188659668,3.703601121902466,3.9836010932922363
-3.106398820877075,-3.366398811340332,-1.9663989543914795,-0.026398925110697746,0.25360107421875,1.653601050376892,3.5836009979248047,4.163600921630859,4.523601055145264,4.643600940704346,4.2836012840271,3.8436009883880615,3.4736011028289795,3.1036009788513184,2.613600969314575,2.313601016998291,2.263601064682007,2.363600969314575,2.493601083755493,2.4636011123657227,2.2236011028289795,2.0336010456085205,1.8336011171340942,2.0436010360717773,2.4136011600494385,2.4236011505126953,2.3536009788513184,2.3436009883880615,2.3536009788513184,2.4236011505126953,2.4836010932922363,2.813601016998291,3.263601064682007,3.3436009883880615,3.393601179122925,3.623600959777832,3.5436010360717773,3.513601064682007,3.7836010456085205,3.9036011695861816,4.093601226806641,4.243600845336914,4.193601131439209
0.3736010789871216,0.7636010646820068,0.7336010932922363,0.9236010909080505,1.153601050376892,2.453601121902466,4.053601264953613,4.5336012840271,4.713601112365723,4.423601150512695,4.053601264953613,3.683601140975952,3.2936010360717773,2.993601083755493,2.763601064682007,2.553601026535034,2.4736011028289795,2.4636011123657227,2.5836009979248047,2.683601140975952,2.7236011028289795,2.493601083755493,2.183601140975952,1.903601050376892,1.813601016998291,1.813601016998291,2.0936009883880615,2.4036011695861816,2.563601016998291,2.8336009979248047,3.393601179122925,3.813601016998291,4.043601036071777,3.9636011123657227,3.7836010456085205,3.693601131439209,3.763601064682007,3.953601121902466,4.333600997924805,4.683600902557373,4.803601264953613,4.693601131439209,4.573601245880127
-1.2163989543914795,0.7336010932922363,1.7336010932922363,0.953601062297821,1.3836010694503784,2.183601140975952,3.6636011600494385,4.073601245880127,4.233601093292236,4.323601245880127,4.163600921630859,3.6536011695861816,3.2836010456085205,2.9036011695861816,2.493601083755493,2.4036011695861816,2.3536009788513184,2.2136011123657227,2.00360107421875,2.1036009788513184,2.243601083755493,2.2136011123657227,2.263601064682007,2.25360107421875,2.203601121902466,2.1036009788513184,2.363600969314575,2.763601064682007,3.183601140975952,3.50360107421875,3.5236010551452637,3.763601064682007,3.9836010932922363,3.933601140975952,3.883601188659668,3.803601026535034,3.823601007461548,4.213601112365723,4.673601150512695,4.943601131439209,4.943601131439209,4.963601112365723,4.943601131439209
-1.306398868560791,0.1936010718345642,-0.29639893770217896,0.553601086139679,2.073601007461548,2.993601083755493,3.863600969314575,3.993601083755493,4.043601036071777,4.013601303100586,3.823601007461548,3.50360107421875,3.0436010360717773,2.553601026535034,2.143601179122925,1.9836010932922363,1.853601098060608,1.5836011171340942,1.5736011266708374,1.5436010360717773,1.4236010313034058,1.593601107597351,1.8836010694503784,2.2936010360717773,2.453601121902466,2.303601026535034,2.3336009979248047,2.6736011505126953,2.993601083755493,3.4636011123657227,3.9736011028289795,4.123600959777832,3.9636011123657227,3.863600969314575,3.823601007461548,3.7836010456085205,3.993601083755493,4.513601303100586,4.943601131439209,5.213601112365723,5.333600997924805,5.363601207733154,5.273601055145264
-3.366398811340332,-2.486398935317993,-1.2163989543914795,0.6136010885238647,2.5836009979248047,4.2836012840271,3.7236011028289795,3.7236011028289795,3.763601064682007,3.6036009788513184,3.2736010551452637,2.813601016998291,2.323601007461548,2.113600969314575,1.9236010313034058,1.6836010217666626,1.2636010646820068,1.093601107597351,1.163601040840149,1.2336010932922363,1.353601098060608,1.443601131439209,1.653601050376892,1.9836010932922363,2.363600969314575,2.433601140975952,2.553601026535034,2.9236011505126953,3.183601140975952,3.5936009883880615,3.9736011028289795,3.943601131439209,3.953601121902466,3.9136011600494385,3.873600959777832,4.173601150512695,4.703600883483887,5.113601207733154,5.483601093292236,5.563601016998291,5.163600921630859,4.833600997924805,4.763601303100586
-1.186398983001709,-0.6763989329338074,1.0436010360717773,2.7236011028289795,3.6736011505126953,3.5936009883880615,3.6036009788513184,3.373600959777832,3.373600959777832,3.063601016998291,2.5436010360717773,1.943601131439209,1.7136011123657227,1.653601050376892,1.5136010646820068,1.153601050376892,0.7336010932922363,0.6636011004447937,0.8236010670661926,1.1736010313034058,1.50360107421875,1.7136011123657227,1.75360107421875,1.843601107597351,2.00360107421875,2.2336010932922363,2.4736011028289795,2.813601016998291,3.1736011505126953,3.3536009788513184,3.573601007461548,3.7936010360717773,3.873600959777832,3.943601131439209,4.293601036071777,4.823601245880127,5.173601150512695,5.25360107421875,5.243600845336914,4.883601188659668,4.573601245880127,4.613601207733154,4.623600959777832
1.1336010694503784,1.8636010885238647,2.8336009979248047,3.2836010456085205,3.063601016998291,3.113600969314575,3.323601007461548,3.453601121902466,3.2236011028289795,2.633601188659668,2.323601007461548,2.0236010551452637,1.8036010265350342,1.5336010456085205,1.2836010456085205,1.0736011266708374,0.9636010527610779,0.8936010599136353,0.8736010789871216,1.1336010694503784,1.4736011028289795,1.4536011219024658,1.4736011028289795,1.7136011123657227,1.653601050376892,1.813601016998291,2.203601121902466,2.4036011695861816,2.573601007461548,2.8436009883880615,3.2136011123657227,3.6036009788513184,4.0336012840271,4.433600902557373,4.823601245880127,5.0336012840271,4.943601131439209,5.123600959777832,5.0336012840271,4.673601150512695,4.583600997924805,4.633601188659668,4.593601226806641
2.7836010456085205,2.8536009788513184,3.123600959777832,3.193601131439209,3.203601121902466,3.1636011600494385,3.2736010551452637,3.453601121902466,3.113600969314575,2.6636011600494385,2.453601121902466,2.2936010360717773,2.2736010551452637,1.8736010789871216,1.653601050376892,1.443601131439209,1.1436010599136353,1.1236010789871216,1.1436010599136353,1.0336010456085205,1.0136010646820068,0.9736011028289795,1.3936010599136353,1.593601107597351,1.7836010456085205,1.8736010789871216,2.073601007461548,2.3436009883880615,2.4836010932922363,2.813601016998291,3.063601016998291,3.303601026535034,3.6736011505126953,4.113601207733154,4.563601016998291,4.7836012840271,4.803601264953613,4.633601188659668,4.423601150512695,4.523601055145264,4.5336012840271,4.50360107421875,4.25360107421875
3.513601064682007,3.303601026535034,3.243601083755493,3.363600969314575,3.693601131439209,3.763601064682007,3.7236011028289795,3.693601131439209,3.383601188659668,3.013601064682007,2.873600959777832,2.7336010932922363,2.553601026535034,2.123600959777832,1.853601098060608,1.5736011266708374,1.4836010932922363,1.6736010313034058,1.593601107597351,1.4336010217666626,1.0836011171340942,1.2236011028289795,1.5736011266708374,1.6836010217666626,1.9836010932922363,2.303601026535034,2.4136011600494385,2.6736011505126953,3.0236010551452637,3.613600969314575,4.023601055145264,4.213601112365723,4.403601169586182,4.403601169586182,4.453600883483887,4.683600902557373,4.593601226806641,4.443601131439209,4.423601150512695,4.433600902557373,4.413600921630859,4.243600845336914,3.75360107421875
4.043601036071777,3.9236011505126953,3.943601131439209,4.053601264953613,4.063601016998291,4.023601055145264,3.8336009979248047,3.4836010932922363,3.4236011505126953,3.133601188659668,2.873600959777832,2.7936010360717773,2.563601016998291,2.2136011123657227,2.2236011028289795,2.063601016998291,1.8936010599136353,1.7736010551452637,1.843601107597351,1.6336010694503784,1.5736011266708374,1.5336010456085205,1.3736010789871216,1.4736011028289795,1.8236011266708374,2.2936010360717773,2.553601026535034,2.7136011123657227,3.1036009788513184,3.5436010360717773,4.013601303100586,4.25360107421875,4.343601226806641,4.463601112365723,4.553601264953613,4.493600845336914,4.483601093292236,4.623600959777832,4.583600997924805,4.273601055145264,3.883601188659668,3.613600969314575,3.2736010551452637
4.573601245880127,4.573601245880127,4.693601131439209,4.763601303100586,4.643600940704346,4.433600902557373,4.063601016998291,3.8336009979248047,3.4636011123657227,3.263601064682007,3.183601140975952,2.9136011600494385,2.633601188659668,2.513601064682007,2.493601083755493,2.5336010456085205,2.383601188659668,2.373600959777832,2.2736010551452637,1.943601131439209,1.693601131439209,1.413601040840149,1.4236010313034058,1.4836010932922363,1.6336010694503784,2.063601016998291,2.3536009788513184,2.683601140975952,3.0336010456085205,3.263601064682007,3.4136011600494385,3.4836010932922363,3.863600969314575,4.25360107421875,4.443601131439209,4.623600959777832,4.693601131439209,4.493600845336914,4.013601303100586,3.2936010360717773,2.8336009979248047,2.883601188659668,2.893601179122925
4.953600883483887,5.053601264953613,5.083600997924805,5.053601264953613,4.823601245880127,4.543601036071777,4.393600940704346,4.013601303100586,3.5936009883880615,3.553601026535034,3.453601121902466,3.013601064682007,2.5336010456085205,2.243601083755493,2.013601064682007,2.143601179122925,2.263601064682007,2.2736010551452637,2.2236011028289795,2.0336010456085205,1.7936010360717773,1.5236010551452637,1.50360107421875,1.3936010599136353,1.343601107597351,1.403601050376892,1.5536010265350342,2.013601064682007,2.3336009979248047,2.5936009883880615,2.75360107421875,2.863600969314575,3.2736010551452637,3.643601179122925,4.063601016998291,4.073601245880127,3.613600969314575,3.2936010360717773,2.9636011123657227,2.5936009883880615,2.373600959777832,2.2136011123657227,2.0836009979248047
5.183600902557373,5.303601264953613,5.173601150512695,4.853600978851318,4.493600845336914,4.213601112365723,4.183600902557373,4.043601036071777,3.683601140975952,3.303601026535034,2.9736011028289795,2.5936009883880615,2.25360107421875,2.133601188659668,2.0336010456085205,2.143601179122925,2.2936010360717773,2.3436009883880615,2.123600959777832,1.9736011028289795,2.0236010551452637,1.8836010694503784,1.6436010599136353,1.3836010694503784,1.3936010599136353,1.25360107421875,1.2436010837554932,1.5836011171340942,1.9936010837554932,2.0336010456085205,2.1036009788513184,2.513601064682007,2.993601083755493,3.1636011600494385,3.0336010456085205,2.453601121902466,2.1036009788513184,2.0336010456085205,1.9636011123657227,2.013601064682007,2.0836009979248047,1.8236011266708374,1.2236011028289795
5.423601150512695,5.263601303100586,4.933600902557373,4.703600883483887,4.463601112365723,4.323601245880127,4.103600978851318,3.823601007461548,3.3536009788513184,3.073601007461548,2.75360107421875,2.553601026535034,2.5836009979248047,2.5236010551452637,2.443601131439209,2.25360107421875,2.2136011123657227,2.263601064682007,2.2236011028289795,2.243601083755493,2.1736011505126953,1.9936010837554932,1.7436010837554932,1.4536011219024658,1.403601050376892,1.4236010313034058,1.603601098060608,1.313601016998291,1.3336011171340942,1.663601040840149,1.9736011028289795,2.453601121902466,2.7836010456085205,2.6636011600494385,2.373600959777832,2.063601016998291,2.113600969314575,2.133601188659668,1.913601040840149,1.663601040840149,1.563601016998291,1.6136010885238647,1.4836010932922363
5.563601016998291,5.2236008644104,4.903601169586182,4.553601264953613,4.373600959777832,4.203600883483887,3.823601007461548,3.363600969314575,2.993601083755493,2.493601083755493,2.063601016998291,2.1636011600494385,2.203601121902466,2.2736010551452637,2.383601188659668,2.3336009979248047,2.4136011600494385,2.563601016998291,2.553601026535034,2.453601121902466,2.183601140975952,1.8836010694503784,1.8336011171340942,1.8336011171340942,1.653601050376892,1.563601016998291,1.75360107421875,1.8036010265350342,1.7636010646820068,1.9936010837554932,2.5236010551452637,2.4836010932922363,2.2936010360717773,2.203601121902466,1.8936010599136353,1.6136010885238647,1.9236010313034058,1.9936010837554932,1.7136011123657227,1.343601107597351,1.00360107421875,1.3236011266708374,2.053601026535034
