public/wind_test.json
{"header": {"parameterCategory":2,"parameterNumber":2,"la1":-34.5,"lo1":149.5,"la2":-14.5,"lo2":169.5,"dx":0.25,"dy":0.25,"nx":81,"ny":81,"refTime":"2026-02-22T06:00:00Z","forecastTime":0}, "data":
[rows 57 to 75 of 81, columns 0 to 42 of 81]
-7.583979606628418,-7.523979663848877,-7.693979263305664,-7.693979263305664,-7.803979396820068,-7.693979263305664,-7.613979339599609,-7.803979396820068,-7.593979358673096,-7.413979530334473,-7.623979568481445,-7.723979473114014,-7.48397970199585,-7.283979415893555,-7.213979721069336,-6.98397970199585,-6.903979301452637,-6.853979587554932,-6.793979644775391,-6.933979511260986,-7.193979263305664,-7.263979434967041,-7.183979511260986,-7.363979339599609,-7.463979721069336,-7.48397970199585,-7.263979434967041,-7.223979473114014,-7.42397928237915,-7.343979358673096,-7.393979549407959,-7.113979339599609,-6.753979682922363,-6.593979358673096,-6.373979568481445,-6.363979339599609,-6.23397970199585,-6.113979339599609,-6.23397970199585,-6.17397928237915,-5.713979721069336,-5.183979511260986,-4.583979606628418
-7.73397970199585,-7.863979339599609,-7.903979301452637,-7.823979377746582,-7.813979625701904,-7.48397970199585,-7.263979434967041,-7.303979396820068,-6.963979721069336,-6.743979454040527,-6.853979587554932,-6.823979377746582,-6.613979339599609,-6.463979721069336,-6.473979473114014,-6.253979682922363,-6.083979606628418,-6.013979434967041,-5.9539794921875,-5.813979625701904,-5.723979473114014,-5.753979682922363,-5.853979587554932,-6.183979511260986,-6.593979358673096,-6.723979473114014,-6.493979454040527,-6.283979415893555,-6.633979320526123,-7.063979625701904,-6.863979339599609,-6.543979644775391,-6.143979549407959,-5.903979301452637,-5.753979682922363,-5.7039794921875,-5.753979682922363,-5.833979606628418,-5.873979568481445,-5.563979625701904,-5.143979549407959,-4.823979377746582,-4.42397928237915
-8.023979187011719,-8.033979415893555,-7.753979682922363,-7.643979549407959,-7.42397928237915,-7.053979396820068,-6.933979511260986,-6.973979473114014,-6.823979377746582,-6.893979549407959,-6.753979682922363,-6.533979415893555,-6.333979606628418,-6.163979530334473,-6.123979568481445,-5.973979473114014,-5.563979625701904,-5.163979530334473,-5.033979415893555,-4.873979568481445,-4.583979606628418,-4.533979415893555,-4.7039794921875,-4.963979721069336,-5.323979377746582,-5.533979415893555,-5.753979682922363,-5.783979415893555,-5.92397928237915,-6.313979625701904,-6.253979682922363,-6.003979682922363,-5.543979644775391,-5.273979663848877,-5.133979320526123,-5.063979625701904,-5.273979663848877,-5.473979473114014,-5.103979587554932,-5.043979644775391,-5.013979434967041,-5.42397928237915,-5.333979606628418
-8.053979873657227,-7.833979606628418,-7.713979721069336,-7.48397970199585,-7.153979301452637,-6.883979320526123,-7.003979682922363,-6.793979644775391,-6.623979568481445,-6.473979473114014,-6.163979530334473,-6.093979358673096,-6.053979396820068,-5.833979606628418,-5.843979358673096,-5.603979587554932,-5.393979549407959,-5.283979415893555,-4.92397928237915,-4.443979263305664,-4.033979415893555,-3.813979387283325,-3.9539794921875,-4.183979511260986,-4.463979721069336,-4.713979721069336,-4.98397970199585,-5.2039794921875,-5.623979568481445,-5.693979263305664,-5.693979263305664,-5.433979511260986,-4.92397928237915,-4.513979434967041,-4.17397928237915,-4.043979644775391,-4.083979606628418,-4.23397970199585,-4.023979663848877,-3.7239794731140137,-3.403979539871216,-3.403979539871216,-4.513979434967041
-7.833979606628418,-7.623979568481445,-7.493979454040527,-6.92397928237915,-6.523979663848877,-6.42397928237915,-6.42397928237915,-6.023979663848877,-5.813979625701904,-5.713979721069336,-5.683979511260986,-5.363979339599609,-5.183979511260986,-5.243979454040527,-5.133979320526123,-4.793979644775391,-4.783979415893555,-4.833979606628418,-4.933979511260986,-4.23397970199585,-3.773979425430298,-3.573979377746582,-3.6039795875549316,-3.813979387283325,-4.053979396820068,-4.403979301452637,-4.543979644775391,-4.653979301452637,-5.263979434967041,-5.073979377746582,-4.823979377746582,-4.593979358673096,-4.153979301452637,-3.9339795112609863,-3.4739794731140137,-2.833979606628418,-2.573979377746582,-2.963979482650757,-3.0539793968200684,-2.9339795112609863,-2.7039794921875,-3.143979549407959,-3.313979387283325
-7.533979415893555,-7.313979625701904,-6.973979473114014,-6.253979682922363,-5.793979644775391,-5.643979549407959,-5.613979339599609,-5.603979587554932,-5.283979415893555,-4.873979568481445,-4.683979511260986,-4.533979415893555,-4.213979721069336,-3.883979558944702,-3.7239794731140137,-3.6239795684814453,-3.753979444503784,-3.9739794731140137,-4.273979663848877,-4.143979549407959,-4.133979320526123,-4.063979625701904,-3.883979558944702,-3.893979549407959,-4.023979663848877,-4.353979587554932,-4.343979358673096,-4.273979663848877,-4.023979663848877,-3.643979549407959,-3.193979501724243,-2.773979425430298,-2.443979501724243,-2.1839795112609863,-1.6739795207977295,-1.1739795207977295,-0.8039795160293579,-0.6939795017242432,-0.5439794659614563,-0.7339794635772705,-1.7339794635772705,-1.763979434967041,-1.9039795398712158
-6.963979721069336,-6.803979396820068,-6.48397970199585,-5.883979320526123,-5.263979434967041,-4.693979263305664,-4.343979358673096,-4.253979682922363,-4.163979530334473,-3.9239795207977295,-3.4339795112609863,-3.253979444503784,-3.3039793968200684,-2.843979597091675,-2.593979597091675,-2.443979501724243,-2.713979482650757,-2.9939794540405273,-3.1839795112609863,-3.5339794158935547,-3.8639795780181885,-3.943979501724243,-3.8039793968200684,-3.7239794731140137,-3.6639795303344727,-3.3639795780181885,-3.013979434967041,-3.0439794063568115,-2.8739795684814453,-2.263979434967041,-1.793979525566101,-1.5839794874191284,-1.4339795112609863,-1.143979549407959,-0.6939795017242432,0.12602050602436066,0.22602051496505737,0.5360205173492432,1.1760205030441284,1.3060204982757568,0.4160205125808716,-0.08397949486970901,0.10602051019668579
-6.243979454040527,-6.143979549407959,-6.113979339599609,-5.653979301452637,-4.783979415893555,-3.9739794731140137,-3.393979549407959,-2.903979539871216,-2.583979606628418,-2.443979501724243,-2.3639795780181885,-2.193979501724243,-2.193979501724243,-2.003979444503784,-1.6639795303344727,-1.513979434967041,-1.6239794492721558,-2.023979425430298,-2.2939794063568115,-2.7939794063568115,-3.0539793968200684,-3.253979444503784,-3.2839794158935547,-2.8639795780181885,-2.4239795207977295,-2.213979482650757,-2.3539795875549316,-2.3639795780181885,-2.083979606628418,-1.6239794492721558,-1.1239794492721558,-1.0939794778823853,-0.9839794635772705,-0.9139794707298279,-0.9739794731140137,-0.7139794826507568,0.25602051615715027,1.236020565032959,1.6760205030441284,1.4360204935073853,1.6760205030441284,0.8760204911231995,0.2960205078125
-5.503979682922363,-5.433979511260986,-4.98397970199585,-4.48397970199585,-3.713979482650757,-2.9339795112609863,-2.4339795112609863,-1.7339794635772705,-1.0939794778823853,-0.7939794659614563,-0.6939795017242432,-0.9539794921875,-1.303979516029358,-1.2439794540405273,-1.0739794969558716,-1.0939794778823853,-1.103979468345642,-1.1339794397354126,-1.4039795398712158,-1.9039795398712158,-1.9839794635772705,-1.9639794826507568,-2.003979444503784,-2.003979444503784,-1.9839794635772705,-2.1839795112609863,-2.273979425430298,-2.1139795780181885,-1.9439795017242432,-1.4139795303344727,-0.9739794731140137,-0.9139794707298279,-0.7639794945716858,-0.503979504108429,-0.22397948801517487,0.08602050691843033,0.8860204815864563,1.6260205507278442,1.646020531654358,0.6960204839706421,0.6560205221176147,0.6660205125808716,0.846020519733429
-4.473979473114014,-3.693979501724243,-3.2839794158935547,-2.963979482650757,-2.1739795207977295,-1.263979434967041,-0.9839794635772705,-0.653979480266571,-0.08397949486970901,0.12602050602436066,0.31602051854133606,0.5460205078125,0.05602050945162773,-0.5839794874191284,-0.653979480266571,-0.6739795207977295,-0.7139794826507568,-0.8839794993400574,-0.8639795184135437,-1.103979468345642,-1.2339794635772705,-1.1739795207977295,-0.9539794921875,-1.2239794731140137,-1.553979516029358,-1.853979468345642,-1.9039795398712158,-1.9739794731140137,-2.2339794635772705,-1.9039795398712158,-1.5039794445037842,-1.053979516029358,-0.6939795017242432,-0.4239794909954071,0.1360205113887787,0.6960204839706421,1.146020531654358,1.7860205173492432,2.0860204696655273,1.646020531654358,1.7260204553604126,1.5560204982757568,0.8760204911231995
-2.6139795780181885,-1.9139795303344727,-1.1239794492721558,-0.05397949367761612,1.0660204887390137,1.5360205173492432,1.456020474433899,1.2760205268859863,1.4660204648971558,1.6160205602645874,1.386020541191101,1.2860205173492432,1.1760205030441284,0.4860205054283142,0.08602050691843033,-0.22397948801517487,-0.34397947788238525,-0.3839794993400574,-0.44397950172424316,-0.4539794921875,-0.5539795160293579,-0.6239795088768005,-0.5539795160293579,-0.7739794850349426,-0.6939795017242432,-0.5839794874191284,-0.6439794898033142,-0.7939794659614563,-1.5039794445037842,-2.213979482650757,-2.273979425430298,-1.513979434967041,-0.653979480266571,-0.28397950530052185,0.06602051109075546,0.4860205054283142,0.996020495891571,1.6160205602645874,2.1360204219818115,2.606020450592041,2.936020612716675,1.3360204696655273,0.33602049946784973
-0.6739795207977295,0.24602051079273224,1.356020450592041,2.4560205936431885,2.806020498275757,2.616020441055298,2.2160205841064453,1.956020474433899,2.156020402908325,2.5260205268859863,2.676020622253418,2.3960204124450684,1.8260204792022705,1.5160205364227295,0.7560204863548279,0.43602049350738525,0.18602050840854645,0.06602051109075546,0.1360205113887787,0.14602050185203552,0.08602050691843033,0.006020507775247097,0.03602050617337227,0.08602050691843033,0.11602050811052322,0.15602050721645355,0.28602051734924316,0.5360205173492432,0.4860205054283142,0.12602050602436066,-0.5839794874191284,-1.513979434967041,-0.9439795017242432,-0.3839794993400574,-0.1739794909954071,0.10602051019668579,0.5860205292701721,1.0960204601287842,1.4960205554962158,1.6160205602645874,1.2860205173492432,0.25602051615715027,-0.31397950649261475
1.5860204696655273,2.786020517349243,3.6260204315185547,3.926020622253418,3.616020441055298,3.2560205459594727,2.736020565032959,2.3760204315185547,2.476020574569702,2.5160205364227295,2.536020517349243,2.7660205364227295,2.536020517349243,1.986020565032959,1.6660205125808716,1.2160204648971558,0.746020495891571,0.7760205268859863,0.8260204792022705,0.7560204863548279,0.5660204887390137,0.40602052211761475,0.40602052211761475,0.5760204792022705,0.9360204935073853,1.0660204887390137,1.0260205268859863,1.2860205173492432,1.706020474433899,1.5460205078125,0.9360204935073853,-0.2639794945716858,-1.1239794492721558,-0.5739794969558716,-0.2639794945716858,-0.003979492001235485,0.43602049350738525,0.7760205268859863,0.7360205054283142,0.4760205149650574,0.15602050721645355,-0.11397948861122131,-0.28397950530052185
4.066020488739014,4.51602029800415,4.726020336151123,4.436020374298096,4.086020469665527,3.6960206031799316,3.2060205936431885,2.8760204315185547,2.5160205364227295,2.246020555496216,2.3160204887390137,2.5860204696655273,2.556020498275757,2.0860204696655273,1.9660204648971558,2.1260204315185547,1.5060205459594727,1.4160205125808716,1.3160204887390137,1.236020565032959,0.9860205054283142,0.6060205101966858,0.5560204982757568,0.8160204887390137,1.2860205173492432,1.396020531654358,1.3660205602645874,1.5160205364227295,1.7760205268859863,2.0860204696655273,1.9260205030441284,0.6960204839706421,-0.8639795184135437,-0.8139795064926147,-0.6139795184135437,-0.28397950530052185,0.25602051615715027,0.43602049350738525,0.026020508259534836,-0.34397947788238525,-0.3939794898033142,-0.003979492001235485,-0.12397949397563934
5.746020317077637,5.136020660400391,4.986020565032959,4.886020660400391,4.286020278930664,3.656020402908325,3.2760205268859863,2.846020460128784,2.3360204696655273,2.1460204124450684,2.0660204887390137,2.1460204124450684,2.286020517349243,2.1360204219818115,2.0460205078125,2.1460204124450684,1.946020483970642,1.9160205125808716,1.7960205078125,1.5760204792022705,1.2760205268859863,1.0260205268859863,0.846020519733429,1.1160205602645874,1.636020541191101,1.486020565032959,1.636020541191101,1.6860204935073853,1.896020531654358,2.1260204315185547,2.0760204792022705,1.5160205364227295,-0.21397949755191803,-0.903979480266571,-0.9139794707298279,-0.5839794874191284,-0.023979492485523224,0.1360205113887787,-0.41397950053215027,-1.1339794397354126,-0.9939795136451721,-0.3039794862270355,-0.37397947907447815
5.496020317077637,5.346020698547363,5.386020660400391,4.786020278930664,3.9660205841064453,3.496020555496216,3.3360204696655273,2.8960204124450684,2.496020555496216,2.0060205459594727,1.696020483970642,1.486020565032959,1.636020541191101,1.706020474433899,1.896020531654358,1.946020483970642,1.9660204648971558,2.1260204315185547,2.0660204887390137,1.8360204696655273,1.696020483970642,1.6160205602645874,1.5560204982757568,1.736020565032959,2.0160205364227295,2.176020622253418,1.7260204553604126,1.6660205125808716,1.946020483970642,2.0060205459594727,1.6660205125808716,1.636020541191101,0.5160205364227295,-0.44397950172424316,-0.6639794707298279,-0.47397950291633606,0.026020508259534836,0.24602051079273224,-0.19397948682308197,-0.9539794921875,-1.4939794540405273,-0.7739794850349426,0.026020508259534836
5.366020679473877,5.196020603179932,4.666020393371582,4.246020317077637,3.906020402908325,3.5060205459594727,3.166020393371582,2.686020612716675,2.286020517349243,1.6760205030441284,1.4260205030441284,1.3660205602645874,1.446020483970642,1.3360204696655273,1.5460205078125,1.7860205173492432,1.8160204887390137,2.186020612716675,2.306020498275757,2.1360204219818115,2.1360204219818115,2.1960206031799316,2.286020517349243,2.3860204219818115,2.4660205841064453,2.1460204124450684,1.7660205364227295,1.7760205268859863,1.9260205030441284,1.9760204553604126,1.606020450592041,1.386020541191101,0.8360205292701721,0.43602049350738525,0.006020507775247097,-0.24397949874401093,0.22602051496505737,0.846020519733429,0.7360205054283142,0.3960205018520355,0.03602050617337227,0.596020519733429,0.6860204935073853
4.686020374298096,4.306020736694336,4.196020603179932,3.996020555496216,3.7960205078125,3.1360204219818115,2.486020565032959,1.9960205554962158,1.946020483970642,1.4660204648971558,0.8660205006599426,1.2760205268859863,1.5060205459594727,1.2860205173492432,1.3760205507278442,1.8660205602645874,1.9360204935073853,2.096020460128784,2.2760205268859863,2.426020622253418,2.556020498275757,2.6460204124450684,2.7760205268859863,2.8160204887390137,2.806020498275757,1.986020565032959,1.9060205221176147,1.7560205459594727,1.7460205554962158,2.2160205841064453,1.9960205554962158,1.486020565032959,1.206020474433899,1.1860204935073853,1.1260205507278442,0.846020519733429,0.21602050960063934,0.5460205078125,0.8860204815864563,0.7960205078125,0.6760205030441284,0.8660205006599426,0.846020519733429
4.736020565032959,4.686020374298096,5.2960205078125,4.0460205078125,3.2160205841064453,2.2160205841064453,1.4160205125808716,1.2760205268859863,1.3160204887390137,0.9260205030441284,0.3660205006599426,0.6360204815864563,0.5760204792022705,0.8660205006599426,1.2860205173492432,1.6560205221176147,1.8260204792022705,1.9060205221176147,2.0160205364227295,2.426020622253418,2.726020574569702,2.8160204887390137,2.976020574569702,3.2560205459594727,2.986020565032959,2.346020460128784,1.7960205078125,1.6160205602645874,1.706020474433899,2.1960206031799316,2.4460206031799316,1.6560205221176147,1.2260204553604126,1.7960205078125,1.9060205221176147,1.7260204553604126,1.3260204792022705,0.5660204887390137,0.8860204815864563,0.8760204911231995,0.7260205149650574,0.746020495891571,0.7360205054283142
